1. 

Preorder: 8 3 1 6 4 7 10 14 13
Inorder: 1 3 4 6 7 8 10 13 14
Postorder: 1 4 7 6 3 13 14 10 8

2.
insert 14
                13
        +--------+---+
        10          15
    +---+---+     +--+--+
    5       11   14     16
+---+---+
4       8

insert 3

                    13
            +--------+---+
            10          15
        +---+---+     +--+--+
        5       11   14     16
    +---+---+
    4       8
+---+
3

rotate right
                13
        +--------+---+
        5          15
    +---+---+     +--+--+
    4       10   14     16
+---+   +---+--+
3       8      11


remove 3
                13
        +--------+---+
        5          15
    +---+---+     +--+--+
    4       10   14     16
        +---+--+
        8      11

remove 4
            13
    +--------+---+
    5            15
    +---+      +--+--+
        10    14     16
     +--+--+
     8      11


            13
    +--------+---+
    10           15
+---+---+      +--+--+
5       11    14     16
+--+   
   8      


